8                  25                  27
23                  -1                  -1
13                  18                  14
---------------------------------------------------------------------------
8                  25                  27
23                  -1                  -1
13                  18                  14
---------------------------------------------------------------------------
8                  25                  27
23                  -1                  -1
13                  18                  14
---------------------------------------------------------------------------
8                  25                  27
23                  -1                  -1
13                  18                  14
---------------------------------------------------------------------------
8                  25                  27
23                  -1                  -1
13                  18                  14
---------------------------------------------------------------------------
8                  25                  27
23                  -1                  -1
13                  18                  14
---------------------------------------------------------------------------
8                  25                  27
23                  -1                  -1
13                  18                  14
---------------------------------------------------------------------------
8                  25                  27
23                  -1                  -1
13                  18                  14
---------------------------------------------------------------------------
8                  25                  27
23                  -1                  -1
13                  18                  14
---------------------------------------------------------------------------
8                  25                  27
23                  -1                  -1
13                  18                  14
---------------------------------------------------------------------------
8                  25                  27
23                  -1                  -1
13                  18                  14
---------------------------------------------------------------------------
8                   0                  27
23                  -1                  -1
13                  18                  14
---------------------------------------------------------------------------
8                  25                  27
23                  -1                  -1
13                  18                  14
---------------------------------------------------------------------------
8                  25                  27
23                  -1                  -1
13                  18                  14
---------------------------------------------------------------------------
---------------------------------------------------------------------------
8                  25                  27
23                  -1                  -1
13                  18                  14
---------------------------------------------------------------------------
8                  25                  27
23                  -1                  -1
13                  18                  14
---------------------------------------------------------------------------
8                  25                  27
23                  -1                  -1
13                  18                  14
---------------------------------------------------------------------------
8                  25                  27
23                  -1                  -1
13                  18                  14
---------------------------------------------------------------------------
